00012445482870
00013694865194
00020603949147
00020084522105
00020338832410
00016429875262
00016115002088
00016244114109
00012422856057
00013181220409
00012990785509
00016361705464
00022824548036
00016427310632
00013285901275
00021268618251
00016582979028
00020345153477
00016306398369
00016427366999
00012885025028
00020318792588
00016604678998
00016379095900
00016529174193
00020118241251
00020965452284
00012130746626
00020717954891
00016167281662
00020908189707
00016401986914
00016657416874
00020694994051
00016590857793
00021035471460
00016575455965
00012666385223
00012372048556
00016552094850
00016583451787
00016586771480
00016015529815
00016043603986
00012869808692
00020673109490
00020309170510
00016014576313
00016152500975
00012512974474
00016176879656
00016009229228
00016223497831
00016443727658
00016229186994
00013017318450
00017016470421
00020491666122
00020430099805
00012188675446
00016204586344
00016495600586
00016306314475
00016206568459
00020949497988
00016168210467
00016097851759
00016393978415
00020158458251
00016491178804
00015451932275
00010865588950
00016635217143
00013127607600
00022801356572
00012962871935
00020974663659
00021217134192
00016180920185
00016429710395
00016530348817
00012048628828
00016022228892
00022016109296
00016005100476
00020961446093
00016559418260
00020131440793
00013413684700
00016018618681
00023659591714
00016060895582
00020370967806
00016277516923
00020942231028
00016236588113
00016637132234
00016350772335
00016508407237
00020623608612
00023730107948
00013143523645
00023681543689
00020120889492
00020702543270
00016437071703
00016354140406
00012883553671
00013358442933
00020067425563
00023686841319
00016194747499
00016432465479
00022821237730
00020378837022
00016436006967
00020408504611
00016447661015
00016481790132
00013078331600
00016288572889
00013433088275
00016511252087
00016620973362
00023702813698
00012593393426
00021077618583
00021208517955
00016472301159
00016033790139
00020354347009
00020935368943
00016657270268
00016510026741
00022802485228
00020379045561
00021254850009
00012392410307
00016355053124
00016473354299
00013157385193
00016642386842
00016565447544
00023629421535
00016159240839
00012782588771
